ALL:
Inter-arrival time histogram:
n: [  8.52631700e+06   1.00000000e+00   0.00000000e+00   0.00000000e+00
   0.00000000e+00   0.00000000e+00   0.00000000e+00   0.00000000e+00
   1.00000000e+00   0.00000000e+00   0.00000000e+00   0.00000000e+00
   0.00000000e+00   0.00000000e+00   0.00000000e+00   0.00000000e+00
   0.00000000e+00   0.00000000e+00   0.00000000e+00   0.00000000e+00
   0.00000000e+00   0.00000000e+00   0.00000000e+00   1.00000000e+00]
bins: [  9.00000000e-05   1.10977648e+03   2.21955288e+03   3.32932927e+03
   4.43910567e+03   5.54888206e+03   6.65865846e+03   7.76843485e+03
   8.87821125e+03   9.98798764e+03   1.10977640e+04   1.22075404e+04
   1.33173168e+04   1.44270932e+04   1.55368696e+04   1.66466460e+04
   1.77564224e+04   1.88661988e+04   1.99759752e+04   2.10857516e+04
   2.21955280e+04   2.33053044e+04   2.44150808e+04   2.55248572e+04
   2.66346336e+04]


Service time histogram:
n: [  8.50228400e+06   9.73600000e+03   2.12300000e+03   6.13800000e+03
   2.85400000e+03   1.30500000e+03   6.06000000e+02   3.93000000e+02
   2.62000000e+02   1.78000000e+02   1.03000000e+02   7.70000000e+01
   7.70000000e+01   4.50000000e+01   3.70000000e+01   3.00000000e+01
   2.80000000e+01   1.60000000e+01   1.00000000e+01   6.00000000e+00
   5.00000000e+00   1.00000000e+00   5.00000000e+00   2.00000000e+00]
bins: [  5.00000000e-06   5.99705600e+02   1.19941120e+03   1.79911679e+03
   2.39882239e+03   2.99852798e+03   3.59823358e+03   4.19793917e+03
   4.79764477e+03   5.39735036e+03   5.99705596e+03   6.59676155e+03
   7.19646715e+03   7.79617275e+03   8.39587834e+03   8.99558394e+03
   9.59528953e+03   1.01949951e+04   1.07947007e+04   1.13944063e+04
   1.19941119e+04   1.25938175e+04   1.31935231e+04   1.37932287e+04
   1.43929343e+04]

Main 1:
IAT:
n: [  5.37289961e-02   5.60969821e-07   1.19757602e-07   7.56363803e-08
   0.00000000e+00   1.26060634e-08   0.00000000e+00   0.00000000e+00
   6.30303170e-09   0.00000000e+00   0.00000000e+00   0.00000000e+00
   0.00000000e+00   0.00000000e+00   0.00000000e+00   6.30303170e-09
   0.00000000e+00   0.00000000e+00   0.00000000e+00   0.00000000e+00
   6.30303170e-09   0.00000000e+00   0.00000000e+00   6.30303170e-09]
bins: [  9.00000000e-05   1.86117390e+01   3.72233881e+01   5.58350371e+01
   7.44466862e+01   9.30583352e+01   1.11669984e+02   1.30281633e+02
   1.48893282e+02   1.67504931e+02   1.86116580e+02   2.04728229e+02
   2.23339878e+02   2.41951528e+02   2.60563177e+02   2.79174826e+02
   2.97786475e+02   3.16398124e+02   3.35009773e+02   3.53621422e+02
   3.72233071e+02   3.90844720e+02   4.09456369e+02   4.28068018e+02
   4.46679667e+02]
   
ST:
n: [  6.59987594e-03   3.92752571e-05   1.15677991e-05   4.17110775e-06
   2.38885736e-06   1.89809276e-06   2.60801858e-06   7.27145638e-07
   5.67471031e-07   4.32060702e-07   3.56919710e-07   3.06042997e-07
   1.10911235e-06   1.53178042e-06   1.23982636e-06   9.19694429e-07
   7.96024880e-07   6.07389682e-07   4.61804011e-07   3.71791365e-07
   3.50657961e-07   2.96650373e-07   2.16030351e-07   1.59674607e-07]
bins: [  5.00000000e-06   1.49874819e+02   2.99749633e+02   4.49624446e+02
   5.99499260e+02   7.49374074e+02   8.99248888e+02   1.04912370e+03
   1.19899852e+03   1.34887333e+03   1.49874814e+03   1.64862296e+03
   1.79849777e+03   1.94837258e+03   2.09824740e+03   2.24812221e+03
   2.39799703e+03   2.54787184e+03   2.69774665e+03   2.84762147e+03
   2.99749628e+03   3.14737109e+03   3.29724591e+03   3.44712072e+03
   3.59699554e+03]
[Finished in 12.8s]
